E-n22-k4.evrp,(778, 3876),(15, 274),(9024, 20000),(15, 274)
E-n23-k3.evrp,(716, 1332),(44, 429),(4220, 20000),(44, 429)
E-n30-k3.evrp,(456, 1456),(8, 259),(2324, 16232),(8, 259)
E-n33-k4.evrp,(641, 1905),(1, 28),(4193, 18714),(1, 28)
E-n51-k5.evrp,(2071, 5454),(1, 22),(8269, 15359),(1, 22)
E-n76-k7.evrp,(2381, 4127),(1, 3)
E-n101-k8.evrp,(415, 894),(6, 28),(1598, 2968),(6, 28)
X-n143-k7.evrp,(2681, 6245),(62, 128)
X-n214-k11.evrp,(917, 1705),(166, 483),(2844, 6121),(166, 483)
X-n351-k40.evrp,(3532, 8915),(334, 500)
X-n459-k26.evrp,(3571, 6380),(280, 500)
X-n573-k30.evrp,(3258, 6457),(122, 471)
X-n685-k75.evrp,(7300, 13771),(227, 500)
X-n749-k98.evrp,(4328, 11559),(306, 500)
X-n819-k171.evrp
X-n916-k207.evrp
X-n1001-k43.evrp,(4687, 7553),(355, 500)
E-n29-k4-s7.evrp,(1013, 2777),(7, 88),(8415, 19855),(7, 88)
E-n30-k3-s7.evrp,(651, 1209),(27, 357),(2517, 17370),(27, 357)
E-n35-k3-s5.evrp,(300, 1198),(23, 96),(3909, 7421),(23, 96)
E-n37-k4-s4.evrp,(4448, 12074),(2, 51)
E-n60-k5-s9.evrp,(877, 3683),(1, 9),(13978, 20000),(1, 9)
E-n89-k7-s13.evrp,(1819, 6349),(1, 4)
E-n112-k8-s11.evrp,(3165, 5363),(1, 6)
M-n110-k10-s9.evrp,(383, 3092),(19, 247),(5639, 10473),(19, 247)
M-n126-k7-s5.evrp,(2842, 10652),(11, 85)
M-n163-k12-s12.evrp,(1714, 3882),(5, 81),(12562, 20000),(5, 81)
M-n212-k16-s12.evrp,(986, 2431),(273, 489)
F-n49-k4-s4.evrp,(1636, 2874),(1, 2)
F-n80-k4-s8.evrp,(1163, 2544),(1, 16)
F-n140-k5-s5.evrp,(300, 1113),(49, 139)
X-n147-k7-s4.evrp,(2845, 6562),(61, 178)
X-n221-k11-s7.evrp,(3241, 7611),(118, 420)
X-n360-k40-s9.evrp,(6886, 11171),(220, 352)
X-n469-k26-s10.evrp,(4493, 7637),(139, 333)
X-n577-k30-s4.evrp,(3929, 6549),(160, 280)
X-n698-k75-s13.evrp,(7296, 12874),(283, 500)
X-n759-k98-s10.evrp,(7926, 12886),(350, 500)
X-n830-k171-s11.evrp
X-n920-k207-s4.evrp
X-n1006-k43-s5.evrp,(4608, 8063),(301, 500)
